0
0
0
0
0
0
0
0
0
0
0
0
0
0
0
0
0
0
0
0
-68
-68
352
352
-5403
-5403
-4299
-4299
1299
1299
5809
5809
8094
8094
7162
7162
3383
3383
-1744
-1744
-6176
-6176
-8154
-8154
-6883
-6883
-2865
-2865
2298
2298
6553
6553
8192
8192
6563
6563
2310
2310
-2871
-2871
-6904
-6904
-8180
-8180
-6184
-6184
-1716
-1716
3434
3434
7208
7208
8095
8095
5748
5748
1112
1112
-3960
-3960
-7436
-7436
-7940
-7940
-5280
-5280
-527
-527
4416
4416
7587
7587
7734
7734
4817
4817
7
7
-4788
-4788
-7671
-7671
-7526
-7526
-4427
-4427
390
390
5031
5031
7710
7710
7443
7443
4502
4502
-173
-173
-2402
-2402
72
72
541
541
548
548
303
303
0
0
-211
-211
-258
-258
-161
-161
0
0
131
131
171
171
111
111
0
0
-96
-96
-129
-129
-86
-86
0
0
77
77
103
103
70
70
0
0
-64
-64
-88
-88
-60
-60
0
0
55
55
76
76
52
52
0
0
-48
-48
-67
-67
-46
-46
0
0
43
43
60
60
42
42
0
0
-40
-40
-55
-55
-38
-38
0
0
36
36
50
50
35
35
0
0
-33
-33
-47
-47
-32
-32
0
0
31
31
43
43
30
30
0
0
-29
-29
-41
-41
-28
-28
0
0
27
27
38
38
27
27
0
0
-26
-26
-36
-36
-25
-25
0
0
24
24
34
34
24
24
0
0
-23
-23
-32
-32
-23
-23
0
0
22
22
31
31
22
22
0
0
-21
-21
-30
-30
-21
-21
0
0
20
20
28
28
20
20
0
0
-19
-19
-27
-27
-19
-19
0
0
18
18
26
26
18
18
0
0
-18
-18
-25
-25
-18
-18
0
0
17
17
24
24
17
17
1
1
-17
-17
-24
-24
-17
-17
0
0
16
