0
0
0
0
0
0
0
0
0
0
0
0
0
0
0
0
0
0
0
0
-64
-64
257
257
-2849
-2849
-7244
-7244
-8083
-8083
-5816
-5816
-1203
-1203
3897
3897
7436
7436
8002
8002
5369
5369
591
591
-4415
-4415
-7658
-7658
-7840
-7840
-4897
-4897
-6
-6
4884
4884
7823
7823
7647
7647
4427
4427
-556
-556
-5315
-5315
-7963
-7963
-7442
-7442
-3957
-3957
1108
1108
5741
5741
8094
8094
7225
7225
3471
3471
-1681
-1681
-6176
-6176
-8219
-8219
-6978
-6978
-2936
-2936
2298
2298
6633
6633
8316
8316
6659
6659
2309
2309
-2993
-2993
-7103
-7103
-8346
-8346
-6184
-6184
-1462
-1462
3908
3908
7694
7694
8165
8165
3402
3402
1016
1016
600
600
1
1
-303
-303
-351
-351
-210
-210
0
0
162
162
205
205
132
132
0
0
-111
-111
-146
-146
-97
-97
0
0
86
86
115
115
77
77
0
0
-70
-70
-95
-95
-64
-64
0
0
59
59
81
81
56
56
0
0
-51
-51
-71
-71
-49
-49
0
0
46
46
63
63
44
44
0
0
-41
-41
-57
-57
-40
-40
0
0
37
37
52
52
36
36
0
0
-35
-35
-48
-48
-33
-33
0
0
32
32
45
45
31
31
0
0
-30
-30
-42
-42
-29
-29
0
0
28
28
39
39
27
27
0
0
-26
-26
-37
-37
-26
-26
0
0
25
25
35
35
25
25
0
0
-23
-23
-33
-33
-23
-23
0
0
22
22
32
32
22
22
0
0
-21
-21
-30
-30
-21
-21
0
0
21
21
29
29
20
20
0
0
-20
-20
-28
-28
-20
-20
0
0
19
19
27
27
19
19
0
0
-18
-18
-26
-26
-18
-18
0
0
17
17
25
25
18
18
1
1
-17
-17
-24
-24
-17
-17
0
0
16
16
23
23
16
