0
0
0
0
0
0
0
0
0
0
0
0
0
0
0
0
0
0
0
0
0
0
0
0
0
0
0
0
0
0
0
0
0
0
0
-91
-91
585
585
-3442
-3442
-1726
-1726
10
10
756
756
-585
-585
-44
-44
599
599
-768
-768
232
232
454
454
-746
-746
512
512
200
200
-725
-725
645
645
-102
-102
-573
-573
769
769
-332
-332
-333
-333
766
766
-572
-572
-92
-92
657
657
-718
-718
195
195
489
489
-771
-771
442
442
245
245
-731
-731
642
642
-25
-25
-608
-608
732
732
-320
-320
-407
-407
789
789
-463
-463
-35
-35
1112
1112
431
431
134
134
95
95
32
32
-26
-26
-54
-54
-48
-48
-18
-18
16
16
37
37
34
34
13
13
-13
-13
-29
-29
-28
-28
-11
-11
11
11
25
25
24
24
10
10
-10
-10
-22
-22
-21
-21
-9
-9
8
8
20
20
20
20
8
8
-8
-8
-18
-18
-18
-18
-7
-7
7
7
17
17
17
17
7
7
-7
-7
-16
-16
-16
-16
-7
-7
7
7
15
15
15
15
6
6
-6
-6
-15
-15
-14
-14
-6
-6
6
6
14
14
14
14
6
6
-6
-6
-13
-13
-13
-13
-6
-6
6
6
13
13
13
13
5
5
-5
-5
-12
-12
-12
-12
-5
-5
5
5
12
12
12
12
5
5
-5
-5
-12
-12
-12
-12
-5
-5
5
5
11
11
11
11
5
5
-5
-5
-11
-11
-11
-11
-5
-5
5
5
11
11
11
11
4
4
-4
-4
-11
-11
-10
-10
-4
-4
4
4
10
10
10
10
4
4
-4
-4
-10
-10
-10
-10
-4
-4
4
4
10
10
10
10
4
4
-4
-4
-10
-10
-10
-10
-4
-4
4
4
10
10
10
10
4
4
-4
-4
-9
-9
-9
-9
-4
-4
4
4
9
9
9
9
4
4
-4
-4
-9
-9
-9
-9
-4
-4
4
4
9
9
9
9
4
4
-3
-3
-9
-9
-9
-9
-3
-3
4
4
9
9
9
9
4
4
-4
-4
-8
-8
-8
-8
-3
-3
4
4
9
9
8
8
4
4
-4
-4
-9
-9
-9
-9
-3
-3
4
4
8
8
8
8
3
3
-3
-3
-8
-8
-9
-9
-4
-4
3
3
8
8
8
8
3
3
-3
-3
-8
-8
-8
-8
-3
-3
3
3
8
8
8
8
4
4
-3
-3
-8
-8
-8
-8
-3
-3
3
3
8
8
8
8
3
3
-3
-3
-8
-8
-8
-8
-3
-3
3
3
8
8
8
8
3
3
-3
-3
-8
-8
-8
-8
-4
-4
4
4
8
8
8
8
3
3
-3
-3
-8
-8
-8
-8
-3
-3
3
3
8
8
8
8
3
3
-3
-3
-8
-8
-8
-8
-3
-3
3
3
8
8
8
8
3
3
-3
-3
-8
-8
-8
-8
-4
-4
3
3
8
8
8
8
4
4
-3
-3
-8
-8
-8
-8
-3
-3
3
3
8
8
8
8
3
3
-3
-3
-8
-8
-8
-8
-3
-3
4
4
8
8
8
8
4
4
-4
-4
-8
-8
-8
-8
-3
-3
3
3
8
8
8
8
4
4
-3
-3
-8
-8
-8
-8
-3
-3
3
3
8
8
8
8
3
3
-3
-3
-8
-8
-8
-8
-3
-3
3
3
8
8
8
8
3
3
-3
-3
-8
-8
-8
-8
-3
-3
4
4
8
8
8
8
3
3
-3
-3
-8
-8
-8
-8
-3
-3
4
4
8
8
8
8
4
4
-4
-4
-9
-9
-8
-8
-4
-4
4
4
8
8
8
8
3
3
-4
-4
-8
-8
-9
-9
-4
-4
4
4
9
9
9
9
3
3
-4
-4
-9
-9
-9
-9
-4
-4
4
4
9
9
9
9
4
4
-4
-4
-9
-9
-9
-9
-4
-4
4
4
9
9
9
9
4
4
-4
-4
-9
-9
-9
-9
-4
-4
4
4
9
9
9
9
4
4
-4
-4
-9
-9
-10
-10
-4
-4
4
4
9
9
10
10
4
4
-4
-4
-9
-9
-10
-10
-4
-4
4
4
10
10
10
10
4
4
-4
-4
-10
-10
-10
-10
-4
-4
4
4
10
10
10
10
4
4
-4
-4
-10
-10
-11
-11
-5
-5
4
4
11
11
11
11
4
4
-5
-5
-11
-11
-11
-11
-5
-5
5
5
11
11
11
11
5
5
-5
-5
-12
-12
-11
-11
-5
-5
5
5
12
12
12
12
5
5
-5
-5
-12
-12
-12
-12
-5
-5
5
5
13
13
13
13
5
5
-5
-5
-13
-13
-13
-13
-5
-5
5
5
13
13
13
13
5
5
-6
-6
-14
-14
-14
-14
-6
-6
6
6
14
14
15
15
6
6
-6
-6
-15
-15
-15
-15
-6
-6
6
6
16
16
16
16
6
6
-6
-6
-16
-16
-16
-16
-7
-7
7
7
17
17
17
17
7
7
-7
-7
-18
-18
-18
-18
-7
-7
8
8
19
19
19
19
8
8
-9
-9
-20
-20
-21
-21
-9
-9
9
9
22
22
22
22
10
10
-10
-10
-24
-24
-24
-24
-10
-10
10
10
26
26
26
26
11
11
-12
-12
-29
-29
-29
-29
-13
-13
13
13
32
32
33
33
14
14
-15
-15
-37
-37
-38
-38
-17
-17
17
17
44
44
46
46
20
20
-21
-21
-55
-55
-59
-59
-26
-26
29
29
75
75
84
84
39
39
-45
-45
-129
-129
-159
-159
-74
-74
-16
-16
1436
1436
132
132
-628
-628
-325
-325
936
936
-367
-367
-152
-152
684
684
-729
-729
30
30
546
546
-747
-747
381
381
376
376
-750
-750
558
558
63
63
-682
-682
709
709
-187
-187
-476
-476
781
781
-440
-440
-246
-246
733
733
-636
-636
30
30
601
601
-756
-756
288
288
389
389
-765
-765
543
543
155
155
-683
-683
683
683
-164
-164
-557
-557
755
755
-380
-380
-252
-252
799
799
-580
-580
-55
-55
558
558
-828
-828
197
197
503
503
-573
-573
857
857
428
428
2931
2931
12
12
338
338
79
79
-62
-62
-123
-123
-105
-105
-38
-38
34
34
74
74
67
67
26
26
-24
-24
-53
-53
-50
-50
-19
-19
18
18
42
42
41
41
16
16
-15
-15
-35
-35
-34
-34
-14
-14
13
13
31
31
29
29
12
12
-11
-11
-27
-27
-26
-26
-11
-11
10
10
24
24
24
24
10
10
-9
-9
-22
-22
-22
-22
-9
-9
9
9
20
20
20
20
8
8
-8
-8
-19
-19
-18
-18
-8
-8
7
7
17
17
17
17
7
7
-7
-7
-16
-16
-16
-16
-6
-6
6
6
15
15
15
15
6
6
-6
-6
-14
-14
-15
-15
-6
-6
6
6
14
14
14
14
6
6
-5
-5
-13
-13
-13
-13
-5
-5
5
5
13
13
12
12
5
5
-5
-5
-12
-12
-12
-12
-5
-5
5
5
11
11
11
11
5
5
-5
-5
-11
-11
-11
-11
-4
-4
4
4
11
11
11
11
4
4
-4
-4
-10
-10
-10
-10
-4
-4
4
4
10
10
10
10
4
4
-4
-4
-9
-9
-9
-9
-4
-4
4
4
9
9
9
9
4
4
-4
-4
-9
-9
-9
-9
-4
-4
4
4
9
9
9
9
4
4
-3
-3
-8
-8
-8
-8
-3
-3
3
3
8
8
8
8
3
3
-3
-3
-8
-8
-8
-8
-3
-3
4
4
8
8
8
8
3
3
-3
-3
-8
-8
-8
-8
-3
-3
3
3
7
7
7
7
3
3
-3
-3
-7
-7
-7
-7
-3
-3
3
3
7
7
7
7
3
3
-3
-3
-7
-7
-7
-7
-3
-3
3
3
7
7
7
7
3
3
-3
-3
-7
-7
-7
-7
-3
-3
3
3
7
7
7
7
3
3
-3
-3
-7
-7
-7
-7
-3
-3
2
2
7
7
6
6
2
2
-3
-3
-6
-6
-6
-6
-2
-2
3
3
7
7
6
6
3
3
-3
-3
-6
-6
-6
-6
-3
-3
3
3
6
6
6
6
2
2
-3
-3
-6
-6
-6
-6
-2
-2
3
3
6
6
6
6
2
2
-3
-3
-6
-6
-6
-6
-2
-2
3
3
6
6
6
6
3
3
-2
-2
-6
-6
-6
-6
-3
-3
3
3
6
6
6
6
3
3
-2
-2
-6
-6
-6
-6
-2
-2
3
3
6
6
6
6
2
2
-3
-3
-6
-6
-6
-6
-3
-3
2
2
6
6
6
6
2
2
-3
-3
-6
-6
-5
-5
-3
-3
2
2
6
6
6
6
2
2
-2
-2
-5
-5
-6
-6
-3
-3
2
2
5
5
6
6
3
3
-2
-2
-6
-6
-6
-6
-3
-3
2
2
6
6
5
5
2
2
-2
-2
-6
-6
-5
-5
-2
-2
2
2
6
6
6
6
2
2
-2
-2
-6
-6
-6
-6
-2
-2
2
2
6
6
5
5
2
2
-2
-2
-5
-5
-6
-6
-3
-3
2
2
6
6
6
6
2
2
-2
-2
-6
-6
-6
-6
-2
-2
2
2
6
6
5
5
2
2
-2
-2
-6
-6
-6
-6
-3
-3
3
3
6
6
6
6
2
2
-3
-3
-6
-6
-6
-6
-2
-2
2
2
6
6
6
6
2
2
-2
-2
-6
-6
-6
-6
-2
-2
2
2
6
6
6
6
2
2
-2
-2
-6
-6
-6
-6
-3
-3
3
3
6
6
6
6
3
3
-3
-3
-6
-6
-6
-6
-2
-2
2
2
6
6
6
6
3
3
-3
-3
-6
-6
-6
-6
-2
-2
3
3
6
6
6
6
3
3
-3
-3
-6
-6
-6
-6
-3
-3
3
3
7
7
6
6
3
3
-2
-2
-7
-7
-6
-6
-3
-3
3
3
7
7
7
7
3
3
-3
-3
-7
-7
-7
-7
-3
-3
3
3
7
7
7
7
3
3
-3
-3
-7
-7
-7
-7
-3
-3
3
3
7
7
7
7
3
3
-3
-3
-7
-7
-7
-7
-3
-3
3
3
7
7
8
8
3
3
-4
-4
-8
-8
-8
-8
-3
-3
3
3
8
8
8
8
3
3
-3
-3
-8
-8
-8
-8
-3
-3
4
4
9
9
9
9
4
4
-3
-3
-9
-9
-9
-9
-4
-4
4
4
9
9
9
9
4
4
-4
-4
-9
-9
-10
-10
-4
-4
4
4
10
10
10
10
4
4
-4
-4
-10
-10
-11
-11
-4
-4
4
4
11
11
11
11
4
4
-5
-5
-12
-12
-12
-12
-5
-5
5
5
12
12
13
13
5
5
-5
-5
-13
-13
-13
-13
-6
-6
6
6
14
14
14
14
6
6
-6
-6
-16
-16
-16
-16
-7
-7
7
7
18
18
18
18
8
8
-8
-8
-21
-21
-22
-22
-9
-9
10
10
26
26
28
28
12
12
-14
-14
-38
-38
-45
-45
-27
-27
98
98
-139
-139
1271
1271
-1026
-1026
239
239
522
522
-751
-751
448
448
241
241
-739
-739
634
634
-29
-29
-604
-604
747
747
-301
-301
-396
-396
773
773
-520
-520
-128
-128
695
695
-697
-697
126
126
515
515
-775
-775
402
402
311
311
-734
-734
610
610
20
20
-656
-656
713
713
-255
-255
-432
-432
799
799
-458
-458
-178
-178
703
703
-701
-701
45
45
548
548
-744
-744
397
397
402
402
-735
-735
538
538
1
1
-761
-761
667
667
-131
-131
-291
-291
1154
1154
-553
-553
3410
3410
-114
-114
351
351
73
73
-56
-56
-110
-110
-92
-92
-33
-33
29
29
63
63
57
57
22
22
-19
-19
-44
-44
-41
-41
-16
-16
15
15
34
34
32
32
12
12
-12
-12
-28
-28
-26
-26
-10
-10
10
10
23
23
23
23
9
9
-9
-9
-20
-20
-19
-19
-8
-8
7
7
18
18
17
17
7
7
-7
-7
-16
-16
-15
-15
-6
-6
6
6
14
14
14
14
5
5
-6
-6
-13
-13
-12
-12
-5
-5
5
5
12
12
12
12
4
4
-5
-5
-11
-11
-11
-11
-4
-4
5
5
10
10
10
10
4
4
-4
-4
-10
-10
-10
-10
-4
-4
4
4
9
9
9
9
4
4
-4
-4
-8
-8
-8
-8
-3
-3
3
3
8
8
8
8
3
3
-3
-3
-8
-8
-8
-8
-3
-3
3
3
7
7
7
7
3
3
-3
-3
-7
-7
-7
-7
-3
-3
3
3
6
6
7
7
3
3
-3
-3
-6
-6
-6
-6
-2
-2
3
3
6
6
6
6
3
3
-2
-2
-6
-6
-6
-6
-2
-2
2
2
5
5
5
5
2
2
-2
-2
-5
-5
-5
-5
-2
-2
2
2
5
5
5
5
2
2
-2
-2
-5
-5
-5
-5
-2
-2
2
2
5
5
4
4
2
2
-2
-2
-4
-4
-4
-4
-2
-2
2
2
4
4
4
4
1
1
-2
-2
-4
-4
-4
-4
-2
-2
2
2
4
4
4
4
1
1
-2
-2
-4
-4
-4
-4
-1
-1
2
2
4
4
4
4
1
1
-2
-2
-3
-3
-3
-3
-1
-1
2
2
3
3
3
3
1
1
-1
-1
-3
-3
-4
-4
-2
-2
2
2
3
3
3
3
1
1
-1
-1
-3
-3
-3
-3
-1
-1
2
2
3
3
3
3
2
2
-2
-2
-3
-3
-3
-3
-2
-2
1
1
3
3
3
3
1
1
-1
-1
-3
-3
-3
-3
-1
-1
1
1
3
3
3
3
1
1
-1
-1
-3
-3
-3
-3
-1
-1
1
1
3
3
3
3
1
1
-1
-1
-2
-2
-3
-3
-1
-1
1
1
2
2
3
3
1
1
-1
-1
-3
-3
-3
-3
-1
-1
1
1
2
2
2
2
1
1
-1
-1
-2
-2
-2
-2
-1
-1
1
1
2
2
2
2
1
1
-1
-1
-2
-2
-2
-2
-1
-1
1
1
2
2
2
2
1
1
-1
-1
-2
-2
-2
-2
0
0
1
1
2
2
2
2
1
1
-1
-1
-2
-2
-2
-2
-1
-1
1
1
2
2
2
2
1
1
-1
-1
-2
-2
-2
-2
-1
-1
1
1
2
2
2
2
1
1
-1
-1
-2
-2
-2
-2
0
0
1
1
1
1
2
2
1
1
-1
-1
-2
-2
-2
-2
0
0
1
1
1
1
1
1
1
1
0
0
-2
-2
-1
-1
0
0
0
0
1
1
1
1
1
1
0
0
-1
-1
-1
-1
-1
-1
0
0
1
1
1
1
1
1
0
0
-1
-1
-1
-1
-1
-1
1
1
1
1
1
1
0
0
-1
-1
-1
-1
-1
-1
0
0
0
0
1
1
1
1
0
0
-1
-1
-1
-1
-1
-1
0
0
0
0
1
1
1
1
0
0
0
0
-1
-1
-1
-1
-1
-1
0
0
1
1
1
1
0
0
0
0
-1
-1
0
0
0
0
0
0
0
0
0
0
0
0
0
0
0
0
0
0
0
0
0
0
0
0
0
0
0
0
0
0
0
0
0
0
0
0
0
0
0
0
0
0
0
0
0
0
1
1
0
0
0
0
0
0
0
0
0
0
0
0
0
0
0
0
0
0
0
0
0
0
0
0
0
0
0
0
0
0
1
1
1
1
0
0
0
0
-1
-1
-1
-1
0
0
0
0
1
1
1
1
0
0
0
0
-1
-1
-1
-1
-1
-1
1
1
2
2
1
1
1
1
-1
-1
-2
-2
-2
-2
-1
-1
1
1
2
2
2
2
0
0
-1
-1
-2
-2
-2
-2
-1
-1
1
1
3
3
3
3
1
1
-1
-1
-3
-3
-3
-3
-1
-1
1
1
3
3
4
4
2
2
-2
-2
-4
-4
-4
-4
-2
-2
2
2
5
5
5
5
2
2
-2
-2
-5
-5
-6
-6
-2
-2
3
3
7
7
6
6
3
3
-3
-3
-8
-8
-8
-8
-3
-3
4
4
9
9
10
10
4
4
-4
-4
-11
-11
-12
-12
-5
-5
5
5
14
14
15
15
7
7
-7
-7
-18
-18
-20
-20
-9
-9
10
10
26
26
28
28
13
13
-14
-14
-39
-39
-45
-45
-22
-22
26
26
77
77
97
97
37
37
146
146
-1616
-1616
1535
1535
-716
-716
636
636
-255
-255
-620
-620
738
738
-368
-368
-237
-237
802
802
-584
-584
-45
-45
595
595
-772
-772
231
231
455
455
-741
-741
516
516
202
202
-727
-727
639
639
-109
-109
-576
-576
773
773
-323
-323
-323
-323
770
770
-576
-576
-104
-104
644
644
-724
-724
201
201
506
506
-752
-752
451
451
236
236
-756
-756
614
614
-38
-38
-593
-593
774
774
-271
-271
-383
-383
759
759
-558
-558
-171
-171
676
676
-674
-674
194
194
656
656
-1152
-1152
1533
1533
-164
-164
120
120
16
16
-11
-11
-19
-19
-14
-14
-5
-5
3
3
7
7
5
5
2
2
-1
-1
-2
-2
-1
-1
0
0
0
0
0
0
-1
-1
0
0
0
0
1
1
2
2
0
0
-1
-1
-2
-2
-2
-2
-1
-1
1
1
3
3
3
3
1
1
-2
-2
-3
-3
-3
-3
-1
-1
1
1
3
3
3
3
1
1
-1
-1
-3
-3
-3
-3
-1
-1
1
1
4
4
4
4
2
2
-1
-1
-4
-4
-4
-4
-2
-2
1
1
4
4
4
4
2
2
-2
-2
-3
-3
-4
-4
-2
-2
2
2
4
4
4
4
1
1
-2
-2
-4
-4
-4
-4
-1
-1
1
1
4
4
4
4
2
2
-2
-2
-4
-4
-4
-4
-1
-1
1
1
4
4
4
4
2
2
-2
-2
-4
-4
-4
-4
-2
-2
1
1
4
4
4
4
2
2
-2
-2
-4
-4
-4
-4
-2
-2
1
1
4
4
4
4
1
1
-1
-1
-4
-4
-4
-4
-2
-2
2
2
4
4
4
4
2
2
-2
-2
-4
-4
-4
-4
-2
-2
2
2
4
4
4
4
1
1
-2
-2
-4
-4
-4
-4
-2
-2
2
2
4
4
4
4
2
2
-2
-2
-4
-4
-4
-4
-2
-2
2
2
4
4
4
4
2
2
-2
-2
-4
-4
-4
-4
-2
-2
2
2
4
4
4
4
1
1
-2
-2
-4
-4
-4
-4
-2
-2
2
2
4
4
4
4
2
2
-2
-2
-4
-4
-4
-4
-2
-2
2
2
4
4
4
4
2
2
-1
-1
-4
-4
-4
-4
-2
-2
2
2
4
4
4
4
2
2
-2
-2
-4
-4
-4
-4
-1
-1
2
2
4
4
4
4
2
2
-2
-2
-4
-4
-4
-4
-2
-2
2
2
4
4
4
4
2
2
-2
-2
-4
-4
-4
-4
-2
-2
2
2
4
4
4
4
2
2
-2
-2
-4
-4
-5
-5
-2
-2
2
2
4
4
4
4
2
2
-2
-2
-4
-4
-4
-4
-2
-2
2
2
5
5
5
5
2
2
-2
-2
-4
-4
-5
-5
-2
-2
2
2
5
5
5
5
2
2
-2
-2
-5
-5
-5
-5
-2
-2
2
2
5
5
5
5
2
2
-2
-2
-5
-5
-5
-5
-2
-2
2
2
5
5
5
5
2
2
-2
-2
-4
-4
-5
-5
-2
-2
2
2
5
5
5
5
2
2
-2
-2
-5
-5
-5
-5
-2
-2
2
2
5
5
5
5
2
2
-2
-2
-5
-5
-5
-5
-2
-2
2
2
5
5
5
5
2
2
-2
-2
-5
-5
-5
-5
-2
-2
2
2
5
5
5
5
2
2
-2
-2
-5
-5
-5
-5
-2
-2
2
2
5
5
5
5
2
2
-2
-2
-5
-5
-5
-5
-2
-2
2
2
5
5
5
5
2
2
-2
-2
-6
-6
-6
-6
-2
-2
2
2
6
6
6
6
2
2
-2
-2
-6
-6
-6
-6
-2
-2
2
2
6
6
6
6
3
3
-3
-3
-6
-6
-6
-6
-3
-3
3
3
6
6
6
6
3
3
-2
-2
-6
-6
-6
-6
-3
-3
3
3
7
7
6
6
2
2
-3
-3
-7
-7
-7
-7
-3
-3
3
3
7
7
7
7
3
3
-3
-3
-7
-7
-7
-7
-3
-3
3
3
7
7
7
7
3
3
-3
-3
-7
-7
-7
-7
-3
-3
3
3
7
7
8
8
3
3
-3
-3
-8
-8
-8
-8
-3
-3
3
3
8
8
8
8
3
3
-3
-3
-8
-8
-8
-8
-3
-3
3
3
8
8
8
8
4
4
-3
-3
-9
-9
-9
-9
-4
-4
4
4
9
9
9
9
4
4
-4
-4
-9
-9
-9
-9
-4
-4
4
4
9
9
9
9
4
4
-4
-4
-10
-10
-10
-10
-4
-4
4
4
10
10
10
10
4
4
-5
-5
-11
-11
-11
-11
-4
-4
5
5
11
11
11
11
5
5
-5
-5
-12
-12
-12
-12
-5
-5
5
5
12
12
12
12
5
5
-5
-5
-13
-13
-13
-13
-6
-6
5
5
14
14
14
14
6
6
-6
-6
-15
-15
-15
-15
-7
-7
6
6
16
16
16
16
7
7
-7
-7
-17
-17
-17
-17
-7
-7
8
8
18
18
18
18
8
8
-8
-8
-20
-20
-20
-20
-9
-9
9
9
21
21
22
22
9
9
-10
-10
-24
-24
-25
-25
-10
-10
10
10
27
27
27
27
12
12
-12
-12
-31
-31
-32
-32
-14
-14
14
14
36
36
38
38
16
16
-17
-17
-43
-43
-46
-46
-20
-20
21
21
56
56
60
60
27
27
-29
-29
-79
-79
-89
-89
-42
-42
48
48
140
140
174
174
77
77
92
92
-1979
-1979
738
738
89
89
595
595
-854
-854
-59
-59
518
518
-724
-724
427
427
416
416
-736
-736
545
545
34
34
-709
-709
699
699
-177
-177
-453
-453
803
803
-431
-431
-255
-255
712
712
-656
-656
21
21
610
610
-736
-736
309
309
398
398
-774
-774
520
520
132
132
-693
-693
694
694
-138
-138
-529
-529
768
768
-393
-393
-288
-288
760
760
-598
-598
-34
-34
616
616
-758
-758
234
234
456
456
-731
-731
539
539
218
218
-753
-753
544
544
-296
-296
-955
-955
-1401
-1401
-99
-99
-193
-193
-52
-52
41
41
83
83
72
72
26
26
-24
-24
-53
-53
-48
-48
-18
-18
17
17
40
40
38
38
15
15
-14
-14
-33
-33
-31
-31
-13
-13
12
12
28
28
27
27
11
11
-10
-10
-25
-25
-24
-24
-10
-10
9
9
22
22
22
22
9
9
-8
-8
-20
-20
-20
-20
-8
-8
8
8
19
19
18
18
7
7
-7
-7
-17
-17
-17
-17
-7
-7
7
7
17
17
16
16
7
7
-6
-6
-15
-15
-15
-15
-6
-6
6
6
14
14
14
14
6
6
-6
-6
-14
-14
-14
-14
-6
-6
5
5
13
13
13
13
5
5
-5
-5
-12
-12
-13
-13
-5
-5
5
5
12
12
12
12
5
5
-5
-5
-11
-11
-11
-11
-5
-5
5
5
11
11
11
11
5
5
-4
-4
-11
-11
-11
-11
-4
-4
4
4
11
11
11
11
4
4
-4
-4
-10
-10
-10
-10
-4
-4
4
4
10
10
10
10
4
4
-4
-4
-10
-10
-10
-10
-4
-4
4
4
10
10
10
10
4
4
-4
-4
-9
-9
-9
-9
-4
-4
4
4
9
9
9
9
4
4
-4
-4
-9
-9
-9
-9
-4
-4
4
4
9
9
8
8
3
3
-4
-4
-9
-9
-9
-9
-3
-3
3
3
8
8
8
8
3
3
-4
-4
-8
-8
-8
-8
-4
-4
3
3
8
8
8
8
3
3
-3
-3
-8
-8
-8
-8
-3
-3
3
3
8
8
8
8
3
3
-3
-3
-8
-8
-8
-8
-3
-3
3
3
7
7
8
8
3
3
-3
-3
-7
-7
-8
-8
-3
-3
3
3
7
7
8
8
3
3
-3
-3
-7
-7
-7
-7
-3
-3
3
3
8
8
7
7
3
3
-3
-3
-8
-8
-7
-7
-3
-3
3
3
7
7
7
7
3
3
-3
-3
-7
-7
-7
-7
-3
-3
3
3
7
7
7
7
3
3
-3
-3
-7
-7
-7
-7
-3
-3
3
3
7
7
7
7
3
3
-3
-3
