0
0
0
0
0
0
0
0
0
0
0
0
0
0
0
0
0
0
0
0
0
0
0
0
0
0
0
0
0
0
0
0
0
0
0
-20
-20
115
115
-4559
-4559
2653
2653
-1137
-1137
269
269
527
527
-735
-735
457
457
231
231
-764
-764
608
608
-40
-40
-593
-593
773
773
-275
-275
-385
-385
763
763
-545
-545
-154
-154
685
685
-687
-687
151
151
539
539
-765
-765
392
392
287
287
-757
-757
601
601
29
29
-633
-633
735
735
-246
-246
-440
-440
781
781
-474
-474
-183
-183
706
706
-698
-698
39
39
552
552
-907
-907
1547
1547
-1231
-1231
131
131
25
25
75
75
63
63
22
22
-20
-20
-43
-43
-40
-40
-15
-15
14
14
32
32
31
31
12
12
-12
-12
-27
-27
-26
-26
-10
-10
10
10
23
23
22
22
9
9
-9
-9
-21
-21
-21
-21
-8
-8
8
8
19
19
19
19
8
8
-7
-7
-17
-17
-17
-17
-7
-7
7
7
17
17
16
16
7
7
-7
-7
-16
-16
-16
-16
-6
-6
6
6
15
15
15
15
6
6
-6
-6
-14
-14
-14
-14
-6
-6
6
6
14
14
13
13
5
5
-6
-6
-13
-13
-13
-13
-5
-5
5
5
13
13
12
12
5
5
-5
-5
-12
-12
-12
-12
-5
-5
5
5
12
12
12
12
5
5
-5
-5
-11
-11
-11
-11
-5
-5
5
5
11
11
11
11
5
5
-5
-5
-11
-11
-11
-11
-5
-5
4
4
11
11
11
11
4
4
-5
-5
-10
-10
-10
-10
-4
-4
4
4
10
10
10
10
4
4
-4
-4
-10
-10
-10
-10
-4
-4
4
4
10
10
10
10
4
4
-4
-4
-10
-10
-10
-10
-4
-4
4
4
10
10
9
9
4
4
-4
-4
-9
-9
-9
-9
-4
-4
4
4
9
9
9
9
4
4
-4
-4
-9
-9
-9
-9
-4
-4
4
4
9
9
9
9
4
4
-4
-4
-9
-9
-9
-9
-3
-3
4
4
9
9
9
9
4
4
-4
-4
-9
-9
-9
-9
-3
-3
4
4
8
8
8
8
3
3
-4
-4
-9
-9
-8
-8
-3
-3
3
3
8
8
9
9
4
4
-3
-3
-8
-8
-8
-8
-3
-3
3
3
8
8
8
8
3
3
-3
-3
-8
-8
-8
-8
-3
-3
3
3
8
8
8
8
3
3
-3
-3
-8
-8
-8
-8
-3
-3
3
3
8
8
8
8
3
3
-3
-3
-8
-8
-8
-8
-3
-3
3
3
8
8
8
8
4
4
-3
-3
-8
-8
-8
-8
-4
-4
3
3
8
8
8
8
3
3
-3
-3
-8
-8
-8
-8
-3
-3
3
3
8
8
8
8
3
3
-4
-4
-8
-8
-8
-8
-3
-3
3
3
8
8
8
8
3
3
-3
-3
-8
-8
-8
-8
-3
-3
3
3
8
8
8
8
3
3
-3
-3
-8
-8
-8
-8
-3
-3
3
3
8
8
8
8
3
3
-3
-3
-8
-8
-8
-8
-3
-3
3
3
8
8
8
8
3
3
-3
-3
-8
-8
-8
-8
-3
-3
4
4
8
8
8
8
3
3
-3
-3
-8
-8
-8
-8
-3
-3
3
3
8
8
8
8
3
3
-3
-3
-8
-8
-8
-8
-3
-3
4
4
8
8
8
8
4
4
-3
-3
-8
-8
-8
-8
-3
-3
4
4
8
8
8
8
3
3
-3
-3
-8
-8
-8
-8
-3
-3
4
4
9
9
8
8
4
4
-4
-4
-9
-9
-9
-9
-4
-4
4
4
9
9
9
9
3
3
-3
-3
-9
-9
-8
-8
-3
-3
3
3
9
9
9
9
4
4
-3
-3
-9
-9
-9
-9
-3
-3
4
4
9
9
9
9
3
3
-4
-4
-9
-9
-9
-9
-4
-4
4
4
9
9
9
9
4
4
-4
-4
-9
-9
-9
-9
-4
-4
4
4
9
9
9
9
4
4
-4
-4
-10
-10
-9
-9
-4
-4
4
4
10
10
10
10
4
4
-4
-4
-10
-10
-10
-10
-4
-4
4
4
10
10
10
10
4
4
-4
-4
-10
-10
-10
-10
-4
-4
4
4
10
10
11
11
4
4
-4
-4
-10
-10
-11
-11
-4
-4
5
5
11
11
11
11
4
4
-5
-5
-11
-11
-11
-11
-5
-5
5
5
11
11
11
11
5
5
-5
-5
-12
-12
-12
-12
-5
-5
5
5
12
12
12
12
5
5
-5
-5
-12
-12
-13
-13
-5
-5
6
6
13
13
13
13
5
5
-6
-6
-13
-13
-13
-13
-5
-5
6
6
14
14
13
13
6
6
-6
-6
-14
-14
-14
-14
-6
-6
6
6
14
14
15
15
6
6
-6
-6
-15
-15
-15
-15
-6
-6
7
7
16
16
16
16
7
7
-7
-7
-17
-17
-17
-17
-7
-7
7
7
18
18
18
18
8
8
-8
-8
-19
-19
-19
-19
-8
-8
8
8
20
20
20
20
8
8
-9
-9
-21
-21
-21
-21
-9
-9
9
9
23
23
23
23
10
10
-10
-10
-25
-25
-25
-25
-11
-11
11
11
27
27
28
28
12
12
-12
-12
-30
-30
-31
-31
-13
-13
14
14
34
34
35
35
15
15
-16
-16
-40
-40
-42
-42
-18
-18
19
19
49
49
52
52
23
23
-24
-24
-63
-63
-69
-69
-32
-32
35
35
94
94
109
109
53
53
-66
-66
-208
-208
-394
-394
105
105
-3648
-3648
863
863
-972
-972
-38
-38
653
653
-656
-656
373
373
420
420
-792
-792
482
482
99
99
-705
-705
705
705
-113
-113
-506
-506
777
777
-402
-402
-308
-308
740
740
-606
-606
-25
-25
640
640
-733
-733
245
245
442
442
-770
-770
491
491
193
193
-719
-719
655
655
-96
-96
-572
-572
770
770
-327
-327
-324
-324
771
771
-579
-579
-115
-115
629
629
-732
-732
212
212
540
540
-709
-709
474
474
207
207
-848
-848
490
490
-92
-92
-729
-729
2753
2753
-1410
-1410
-196
-196
112
112
191
191
149
149
51
51
-43
-43
-91
-91
-81
-81
-30
-30
28
28
62
62
57
57
22
22
-21
-21
-47
-47
-45
-45
-17
-17
17
17
39
39
37
37
15
15
-14
-14
-33
-33
-32
-32
-12
-12
13
13
29
29
28
28
11
11
-11
-11
-26
-26
-25
-25
-10
-10
10
10
23
23
23
23
9
9
-9
-9
-21
-21
-21
-21
-8
-8
8
8
19
19
19
19
8
8
-8
-8
-18
-18
-18
-18
-7
-7
7
7
17
17
17
17
7
7
-6
-6
-16
-16
-15
-15
-7
-7
6
6
15
15
14
14
6
6
-6
-6
-14
-14
-14
-14
-6
-6
5
5
13
13
14
14
5
5
-5
-5
-13
-13
-12
-12
-5
-5
5
5
12
12
12
12
5
5
-5
-5
-12
-12
-11
-11
-5
-5
5
5
11
11
11
11
5
5
-4
-4
-11
-11
-11
-11
-4
-4
5
5
10
10
10
10
4
4
-4
-4
-10
-10
-10
-10
-4
-4
4
4
10
10
10
10
4
4
-4
-4
-9
-9
-9
-9
-4
-4
4
4
9
9
9
9
4
4
-4
-4
-9
-9
-9
-9
-4
-4
3
3
9
9
9
9
3
3
-3
-3
-8
-8
-8
-8
-3
-3
3
3
8
8
8
8
3
3
-3
-3
-8
-8
-8
-8
-3
-3
3
3
8
8
8
8
3
3
-3
-3
-8
-8
-8
-8
-3
-3
3
3
7
7
7
7
3
3
-3
-3
-7
-7
-7
-7
-3
-3
3
3
7
7
7
7
3
3
-3
-3
-7
-7
-7
-7
-3
-3
3
3
7
7
7
7
3
3
-3
-3
-7
-7
-7
-7
-3
-3
3
3
7
7
7
7
3
3
-3
-3
-6
-6
-7
-7
-2
-2
3
3
7
7
6
6
2
2
-2
-2
-6
-6
-7
-7
-3
-3
3
3
6
6
6
6
3
3
-3
-3
-6
-6
-6
-6
-3
-3
3
3
6
6
6
6
3
3
-3
-3
-7
-7
-6
-6
-3
-3
3
3
6
6
6
6
3
3
-3
-3
-6
-6
-6
-6
-2
-2
3
3
6
6
6
6
3
3
-2
-2
-6
-6
-6
-6
-2
-2
2
2
6
6
6
6
3
3
-2
-2
-6
-6
-6
-6
-2
-2
2
2
6
6
6
6
2
2
-3
-3
-6
-6
-6
-6
-2
-2
2
2
6
6
6
6
2
2
-3
-3
-6
-6
-6
-6
-3
-3
2
2
6
6
6
6
3
3
-2
-2
-6
-6
-6
-6
-2
-2
2
2
5
5
6
6
2
2
-2
-2
-5
-5
-6
-6
-2
-2
2
2
5
5
6
6
2
2
-3
-3
-6
-6
-6
-6
-2
-2
2
2
5
5
6
6
2
2
-2
-2
-6
-6
-6
-6
-2
-2
3
3
6
6
6
6
3
3
-2
-2
-5
-5
-6
-6
-3
-3
2
2
6
6
5
5
2
2
-2
-2
-6
-6
-6
-6
-3
-3
2
2
6
6
5
5
3
3
-2
-2
-6
-6
-6
-6
-3
-3
2
2
6
6
6
6
2
2
-2
-2
-6
-6
-6
-6
-3
-3
2
2
6
6
6
6
2
2
-2
-2
-6
-6
-6
-6
-3
-3
2
2
6
6
6
6
2
2
-3
-3
-6
-6
-6
-6
-2
-2
2
2
6
6
6
6
3
3
-2
-2
-6
-6
-6
-6
-2
-2
3
3
6
6
6
6
3
3
-3
-3
-6
-6
-6
-6
-3
-3
2
2
6
6
6
6
3
3
-3
-3
-6
-6
-6
-6
-3
-3
3
3
7
7
7
7
3
3
-3
-3
-6
-6
-7
-7
-3
-3
2
2
7
7
7
7
3
3
-3
-3
-7
-7
-7
-7
-3
-3
3
3
7
7
7
7
3
3
-3
-3
-7
-7
-7
-7
-3
-3
3
3
7
7
7
7
3
3
-3
-3
-8
-8
-7
-7
-3
-3
3
3
8
8
8
8
3
3
-3
-3
-8
-8
-8
-8
-3
-3
3
3
8
8
8
8
3
3
-3
-3
-8
-8
-8
-8
-4
-4
4
4
9
9
9
9
4
4
-4
-4
-9
-9
-9
-9
-4
-4
4
4
9
9
9
9
4
4
-4
-4
-10
-10
-10
-10
-4
-4
4
4
10
10
10
10
5
5
-4
-4
-11
-11
-11
-11
-5
-5
5
5
11
11
11
11
5
5
-5
-5
-12
-12
-12
-12
-5
-5
5
5
13
13
13
13
6
6
-6
-6
-14
-14
-14
-14
-6
-6
6
6
15
15
15
15
6
6
-7
-7
-17
-17
-17
-17
-7
-7
8
8
19
19
20
20
9
9
-9
-9
-23
-23
-24
-24
-11
-11
12
12
31
31
34
34
16
16
-19
-19
-57
-57
-130
-130
382
382
-1137
-1137
462
462
-867
-867
589
589
37
37
-620
-620
745
745
-243
-243
-443
-443
772
772
-485
-485
-189
-189
714
714
-671
-671
76
76
562
562
-759
-759
357
357
358
358
-756
-756
562
562
68
68
-681
-681
708
708
-185
-185
-466
-466
794
794
-433
-433
-254
-254
710
710
-661
-661
18
18
615
615
-719
-719
329
329
408
408
-786
-786
486
486
92
92
-712
-712
716
716
-77
-77
-458
-458
802
802
-435
-435
-410
-410
606
606
-671
-671
-49
-49
2056
2056
-619
-619
-389
-389
124
124
178
178
136
136
46
46
-38
-38
-80
-80
-70
-70
-26
-26
23
23
52
52
47
47
18
18
-17
-17
-38
-38
-36
-36
-14
-14
13
13
31
31
29
29
11
11
-11
-11
-25
-25
-24
-24
-9
-9
9
9
22
22
21
21
9
9
-8
-8
-19
-19
-18
-18
-7
-7
7
7
17
17
16
16
7
7
-7
-7
-15
-15
-15
-15
-6
-6
6
6
14
14
13
13
5
5
-5
-5
-12
-12
-12
-12
-5
-5
5
5
11
11
11
11
4
4
-5
-5
-11
-11
-10
-10
-4
-4
4
4
10
10
10
10
4
4
-4
-4
-9
-9
-9
-9
-4
-4
4
4
9
9
9
9
3
3
-3
-3
-8
-8
-8
-8
-3
-3
3
3
8
8
8
8
3
3
-3
-3
-7
-7
-7
-7
-3
-3
3
3
7
7
7
7
3
3
-3
-3
-7
-7
-6
-6
-3
-3
3
3
6
6
6
6
3
3
-2
-2
-6
-6
-6
-6
-2
-2
2
2
6
6
5
5
2
2
-2
-2
-6
-6
-5
-5
-2
-2
2
2
5
5
5
5
2
2
-2
-2
-5
-5
-5
-5
-2
-2
2
2
5
5
5
5
2
2
-2
-2
-5
-5
-5
-5
-2
-2
2
2
4
4
5
5
2
2
-2
-2
-4
-4
-4
-4
-2
-2
2
2
4
4
4
4
2
2
-2
-2
-4
-4
-4
-4
-2
-2
2
2
4
4
4
4
2
2
-2
-2
-4
-4
-4
-4
-1
-1
2
2
4
4
4
4
2
2
-2
-2
-4
-4
-3
-3
-2
-2
2
2
3
3
4
4
1
1
-1
-1
-3
-3
-3
-3
-2
-2
1
1
3
3
3
3
2
2
-1
-1
-3
-3
-3
-3
-2
-2
1
1
3
3
3
3
2
2
-1
-1
-3
-3
-3
-3
-1
-1
1
1
3
3
3
3
1
1
-1
-1
-3
-3
-3
-3
-1
-1
1
1
3
3
3
3
1
1
-1
-1
-2
-2
-3
-3
-1
-1
1
1
2
2
3
3
1
1
-1
-1
-3
-3
-3
-3
-1
-1
1
1
3
3
3
3
1
1
-1
-1
-2
-2
-2
-2
-1
-1
1
1
2
2
2
2
1
1
-1
-1
-2
-2
-2
-2
-1
-1
1
1
2
2
2
2
1
1
-1
-1
-2
-2
-2
-2
0
0
1
1
2
2
2
2
1
1
-1
-1
-2
-2
-2
-2
0
0
1
1
2
2
2
2
1
1
-1
-1
-2
-2
-2
-2
-1
-1
1
1
2
2
2
2
0
0
-1
-1
-1
-1
-2
-2
0
0
1
1
1
1
2
2
1
1
-1
-1
-1
-1
-2
-2
0
0
0
0
1
1
2
2
1
1
-1
-1
-2
-2
-1
-1
-1
-1
0
0
2
2
1
1
0
0
0
0
-2
-2
-1
-1
-1
-1
1
1
1
1
1
1
1
1
0
0
-1
-1
-1
-1
-1
-1
0
0
1
1
1
1
0
0
0
0
-1
-1
-1
-1
-1
-1
0
0
1
1
1
1
1
1
-1
-1
-1
-1
-1
-1
-1
-1
0
0
1
1
1
1
0
0
0
0
-1
-1
-1
-1
0
0
0
0
1
1
1
1
0
0
0
0
-1
-1
-1
-1
0
0
0
0
1
1
1
1
0
0
0
0
-1
-1
0
0
0
0
0
0
1
1
0
0
0
0
0
0
0
0
0
0
0
0
0
0
0
0
0
0
0
0
0
0
0
0
0
0
0
0
0
0
0
0
0
0
0
0
0
0
0
0
0
0
0
0
0
0
0
0
0
0
0
0
0
0
1
1
0
0
0
0
0
0
-1
-1
-1
-1
0
0
0
0
1
1
1
1
1
1
0
0
-1
-1
-1
-1
-1
-1
0
0
1
1
1
1
1
1
-1
-1
-2
-2
-1
-1
-1
-1
1
1
1
1
2
2
1
1
-1
-1
-2
-2
-2
-2
-1
-1
1
1
2
2
2
2
1
1
-1
-1
-2
-2
-2
-2
-1
-1
1
1
3
3
3
3
1
1
-1
-1
-3
-3
-3
-3
-1
-1
1
1
4
4
4
4
2
2
-2
-2
-5
-5
-4
-4
-2
-2
2
2
5
5
5
5
2
2
-2
-2
-6
-6
-6
-6
-3
-3
3
3
7
7
7
7
3
3
-3
-3
-8
-8
-9
-9
-4
-4
4
4
10
10
11
11
5
5
-5
-5
-13
-13
-13
-13
-6
-6
6
6
16
16
17
17
8
8
-8
-8
-22
-22
-24
-24
-11
-11
11
11
31
31
35
35
17
17
-19
-19
-53
-53
-63
-63
-32
-32
41
41
131
131
222
222
394
394
2160
2160
-256
-256
-161
-161
810
810
-605
-605
-158
-158
601
601
-739
-739
213
213
531
531
-731
-731
458
458
229
229
-768
-768
604
604
-42
-42
-591
-591
778
778
-269
-269
-383
-383
760
760
-553
-553
-162
-162
681
681
-683
-683
161
161
551
551
-760
-760
386
386
273
273
-773
-773
594
594
37
37
-613
-613
757
757
-236
-236
-451
-451
750
750
-510
-510
-201
-201
726
726
-639
-639
111
111
578
578
-777
-777
309
309
302
302
-788
-788
665
665
-60
-60
602
602
-313
-313
48
48
40
40
27
27
8
8
-6
-6
-11
-11
-8
-8
-3
-3
2
2
4
4
3
3
1
1
-1
-1
-1
-1
0
0
0
0
0
0
-1
-1
-1
-1
-1
-1
1
1
2
2
2
2
1
1
-1
-1
-2
-2
-3
-3
-1
-1
1
1
3
3
3
3
1
1
-1
-1
-3
-3
-3
-3
-1
-1
1
1
3
3
3
3
2
2
-1
-1
-4
-4
-4
-4
-1
-1
1
1
3
3
4
4
1
1
-2
-2
-4
-4
-4
-4
-1
-1
2
2
4
4
4
4
2
2
-2
-2
-4
-4
-4
-4
-2
-2
2
2
4
4
4
4
2
2
-2
-2
-4
-4
-4
-4
-2
-2
2
2
4
4
4
4
2
2
-2
-2
-4
-4
-4
-4
-2
-2
2
2
4
4
4
4
1
1
-2
-2
-4
-4
-4
-4
-2
-2
2
2
4
4
4
4
1
1
-2
-2
-4
-4
-4
-4
-2
-2
1
1
4
4
4
4
2
2
-1
-1
-4
-4
-4
-4
-2
-2
2
2
4
4
4
4
2
2
-2
-2
-4
-4
-4
-4
-2
-2
2
2
4
4
4
4
2
2
-2
-2
-4
-4
-4
-4
-2
-2
2
2
4
4
4
4
2
2
-2
-2
-4
-4
-4
-4
-2
-2
2
2
4
4
4
4
2
2
-2
-2
-4
-4
-4
-4
-2
-2
2
2
4
4
4
4
2
2
-2
-2
-4
-4
-4
-4
-2
-2
2
2
4
4
4
4
2
2
-2
-2
-4
-4
-4
-4
-2
-2
2
2
4
4
4
4
2
2
-2
-2
-4
-4
-4
-4
-2
-2
2
2
4
4
4
4
2
2
-2
-2
-4
-4
-4
-4
-2
-2
2
2
4
4
4
4
2
2
-2
-2
-4
-4
-4
-4
-2
-2
2
2
4
4
4
4
2
2
-2
-2
-4
-4
-4
-4
-2
-2
2
2
4
4
4
4
2
2
-2
-2
-4
-4
-4
-4
-2
-2
2
2
4
4
4
4
2
2
-2
-2
-5
-5
-5
-5
-2
-2
2
2
4
4
5
5
2
2
-2
-2
-4
-4
-5
-5
-2
-2
2
2
5
5
5
5
2
2
-2
-2
-5
-5
-5
-5
-2
-2
2
2
5
5
5
5
2
2
-2
-2
-5
-5
-5
-5
-2
-2
2
2
5
5
5
5
2
2
-2
-2
-5
-5
-5
-5
-2
-2
2
2
5
5
5
5
2
2
-2
-2
-5
-5
-5
-5
-2
-2
2
2
5
5
5
5
2
2
-2
-2
-5
-5
-5
-5
-2
-2
2
2
5
5
5
5
2
2
-2
-2
-5
-5
-5
-5
-2
-2
2
2
5
5
5
5
2
2
-2
-2
-5
-5
-5
-5
-2
-2
2
2
5
5
5
5
2
2
-2
-2
-5
-5
-5
-5
-2
-2
2
2
5
5
6
6
2
2
-3
-3
-6
-6
-6
-6
-3
-3
2
2
6
6
6
6
3
3
-2
-2
-6
-6
-6
-6
-3
-3
3
3
6
6
6
6
2
2
-3
-3
-6
-6
-6
-6
-2
-2
2
2
6
6
6
6
3
3
-3
-3
-6
-6
-7
-7
-3
-3
3
3
7
7
6
6
3
3
-3
-3
-7
-7
-7
-7
-3
-3
2
2
7
7
7
7
3
3
-3
-3
-7
-7
-7
-7
-3
-3
3
3
7
7
7
7
3
3
-3
-3
-7
-7
-7
-7
-3
-3
3
3
8
8
8
8
3
3
-3
-3
-8
-8
-8
-8
-3
-3
3
3
8
8
8
8
3
3
-4
-4
-8
-8
-8
-8
-3
-3
3
3
8
8
8
8
4
4
-4
-4
-9
-9
-9
-9
-4
-4
4
4
9
9
9
9
4
4
-4
-4
-9
-9
-10
-10
-4
-4
4
4
10
10
10
10
4
4
-4
-4
-10
-10
-10
-10
-4
-4
4
4
11
11
10
10
4
4
-5
-5
-11
-11
-11
-11
-5
-5
5
5
11
11
11
11
4
4
-5
-5
-12
-12
-12
-12
-5
-5
5
5
13
13
13
13
5
5
-5
-5
-13
-13
-14
-14
-5
-5
6
6
14
14
14
14
6
6
-6
-6
-15
-15
-15
-15
-7
-7
6
6
16
16
17
17
7
7
-7
-7
-17
-17
-18
-18
-8
-8
7
7
19
19
19
19
8
8
-8
-8
-20
-20
-21
-21
-9
-9
9
9
22
22
23
23
10
10
-10
-10
-25
-25
-26
-26
-11
-11
11
11
28
28
30
30
13
13
-13
-13
-33
-33
-35
-35
-15
-15
16
16
39
39
41
41
18
18
-19
-19
-49
-49
-53
-53
-23
-23
25
25
65
65
72
72
33
33
-37
-37
-101
-101
-117
-117
-58
-58
73
73
230
230
422
422
135
135
3965
3965
-799
-799
654
654
471
471
-829
-829
414
414
44
44
-724
-724
721
721
-78
-78
-475
-475
789
789
-413
-413
-333
-333
716
716
-616
-616
-16
-16
661
661
-712
-712
254
254
434
434
-790
-790
471
471
185
185
-711
-711
676
676
-74
-74
-562
-562
760
760
-351
-351
-349
-349
761
761
-568
-568
-85
-85
661
661
-718
-718
196
196
497
497
-759
-759
450
450
235
235
-761
-761
602
602
-46
-46
-582
-582
816
816
-209
-209
-360
-360
920
920
-2135
-2135
1406
1406
-21
-21
-60
-60
-124
-124
-99
-99
-34
-34
30
30
64
64
58
58
22
22
-20
-20
-45
-45
-42
-42
-16
-16
16
16
36
36
34
34
13
13
-13
-13
-30
-30
-29
-29
-11
-11
11
11
26
26
25
25
10
10
-10
-10
-23
-23
-23
-23
-9
-9
9
9
21
21
21
21
8
8
-8
-8
-19
-19
-19
-19
-8
-8
8
8
18
18
18
18
7
7
-7
-7
-17
-17
-17
-17
-7
-7
7
7
16
16
15
15
6
6
-6
-6
-15
-15
-15
-15
-6
-6
6
6
14
14
14
14
6
6
-5
-5
-13
-13
-14
-14
-6
-6
5
5
13
13
13
13
5
5
-5
-5
-12
-12
-12
-12
-5
-5
5
5
12
12
12
12
5
5
-5
-5
-11
-11
-11
-11
-5
-5
4
4
11
11
11
11
4
4
-4
-4
-11
-11
-11
-11
-4
-4
5
5
11
11
10
10
4
4
-4
-4
-10
-10
-10
-10
-4
-4
4
4
10
10
10
10
4
4
-4
-4
-9
-9
-10
-10
-4
-4
4
4
9
9
9
9
4
4
-4
-4
-9
-9
-9
-9
-4
-4
4
4
9
9
9
9
4
4
-3
-3
-9
-9
-9
-9
-3
-3
4
4
9
9
9
9
4
4
-4
-4
-9
-9
-9
-9
-4
-4
3
3
8
8
8
8
4
4
-3
-3
-8
-8
-8
-8
-3
-3
4
4
8
8
8
8
3
3
-3
-3
-8
-8
-8
-8
-3
-3
3
3
8
8
8
8
3
3
-3
-3
-8
-8
-8
-8
-4
-4
3
3
8
8
8
8
3
3
-3
-3
-8
-8
-7
-7
-3
-3
3
3
8
8
7
7
3
3
-3
-3
-7
-7
-7
-7
-3
-3
3
3
7
7
7
7
3
3
-3
-3
-7
-7
-7
-7
-3
-3
3
3
7
7
7
7
3
3
-3
-3
-7
-7
-7
-7
-3
-3
3
3
7
7
7
7
3
3
-3
-3
-7
-7
-7
-7
-3
-3
3
3
7
7
7
7
